
1653048
1652726
1652725
1652724
1652723
1652722
1652721
1652720
1652719
1652718
1652717
1652716
1652715
1652714
1652713
1652712
1652711
1652710
1652709
1652708
1652707
1652706
1652705
1652704
1652703
1652702
1652701
1652700
1652699
1652698
1652697
1652696
1652695
1652694
1652693
1652692
1652691
1652690
1652689
1652688
1652687
1652686
1652685
1652684
1652683
1652682
1652681
1652680
1652679
1652678
1652677
1652676
1652675
1652674
1652673
1652672
1652671
1652670
1652669
1652668
1652667
1652666
1652665
1652664
1652663
1652662
1652661
1652660
1652659
1652658
1652657
1652656
1652655
1652654
1652653
1652652
1652651
1652650
1652649
1652648
1652647
1652646
1652645
1652644
1652643
1652642
1652641
1652640
1652639
1652638
1652637
1652636
1652635
1652634
1652633
1652632
1652631
1652630
1652629
1652628
1652627
1652626
1652625
1652624
1652623
1652622
1652621
1652620
1652619
1652618
1652617
1652616
1652615
1652614
1652613
1652612
1652611
1652610
1652609
1652608
1652607
1652606
1652605
1652604
1652603
1652602
1652601
1652600
1652599
1652598
1652597
1652596
1652595
1652594
1652593
1652592
1652591
1652590
1652589
1652588
1652587
1652586
1652585
1652584
1652583
1652582
1652581
1652580
1652579
1652578
1652577
1652576
1652575
1652574
1652573
1652572
1652571
1652570
1652569
1652568
1652567
1652566
1652565
1652564
1652563
1652562
1652561
1652560
1652559
1652558
1652557
1652556
1652555
1652554
1652553
1652552
1652551
1652550
1652549
1652548
1652547
1652546
1652545
1652544
1652543
1652542
1652541
1652540
1652539
1652538
1652537
1652536
1652535
1652534
1652533
1652532
1652531
1652530
1652529
1652528
1652527
1652526
1652525
1652524
1652523
1652522
1652521
1652520
1652519
1652518
1652517
1652516
1652515
1652514
1652513
1652512
1652511
1652510
1652509
1652508
1652507
1652506
1652505
1652504
1652503
1652502
1652501
1652500
1652499
1652498
1652497
1652496
1652495
1652494
1652493
1652492
1652491
1652490
1652489
1652488
1652487
1652486
1652485
1652484
1652483
1652482
1652481
1652480
1652479
1652478
1652477
1652476
1652475
1652474
1652473
1652472
1652471
1652470
1652469
1652468
1652467
1652466
1652465
1652464
1652463
1652462
1652461
1652460
1652459
1652458
1652457
1652456
1652455
1652454
1652453
1652452
1652451
1652450
1652449
1652448
1652447
1652446
1652445
1652444
1652443
1652442
1652441
1652440
1652439
1652438
1652437
1652436
1652435
1652434
1652433
1652432
1652431
1652430
1652429
1652428
1652427
1652426
1652425
1652424
1652423
1652422
1652421
1652420
1652419
1652418
1652417
1652416
1652415
1652414
1652413
1652412
1652411
1652410
1652409
1652408
1652407
1652406
1652405
1652404
1652403
1652402
1652401
1652400
1652399
1652398
1652397
1652396
1652395
1652394
1652393
1652392
1652391
1652390
1652389
1652388
1652387
1652386
1652385
1652384
1652383
1652382
1652381
1652380
1652379
1652378
1652377
1652376
1652375
1652374
1652373
1652372
1652371
1652370
1652369
1652368
1652367
1652366
1652365
1652364
1652363
1652362
1652361
1652360
1652359
1652358
1652357
1652356
1652355
1652354
1652353
1652352
1652351
1652350
1652349
1652348
1652347
1652346
1652345
1652344
1652343
1652342
1652341
1652340
1652339
1652338
1652337
1652336
1652335
1652334
1652333
1652332
1652331
1652330
1652329
1652328
1652327
1652326
1652325
1652324
1652323
1652322
1652321
1652320
1652319
1652318
1652317
1652316
1652315
1652314
1652313
1652312
1652311
1652310
1652309
1652308
1652307
1652306
1652305
1652304
1652303
1652302
1652301
1652300
1652299
1652298
1652297
1652296
1652295
1652294
1652293
1652292
1652291
1652290
1652289
1652288
1652287
1652286
1652285
1652284
1652283
1652282
1652281
1652280
1652279
1652278
1652277
1652276
1652275
1652274
1652273
1652272
1652271
1652270
1652269
1652268
1652267
1652266
1652265
1652264
1652263
1652262
1652261
1652260
1652259
1652258
1652257
1652256
1652255
1652254
1652253
1652252
1652251
1652250
1652249
1652248
1652247
1652246
1652245
1652244
1652243
1652242
1652241
1652240
1652239
1652238
1652237
1652236
1652235
1652234
1652233
1652232
1652231
1652230
1652229
1652228
1652227
1652226
1652225
1652224
1652223
1652222
1652221
1652220
1652219
1652218
1652217
1652216
1652215
1652214
1652213
1652212
1652211
1652210
1652209
1652208
1652207
1652206
1652205
1652204
1652203
1652202
1652201
1652200
1652199
1652198
1652197
1652196
1652195
1652194
1652193
1652192
1652191
1652190
1652189
1652188
1652187
1652186
1652185
1652184
1652183
1652182
1652181
1652180
1652179
1652178
1652177
1652176
1652175
1652174
1652173
1652172
1652171
1652170
1652169
1652168
1652167
1652166
1652165
1652164
1652163
1652162
1652161
1652160
1652159
1652158
1652157
1652156
1652155
1652154
1652153
1652152
1652151
1652150
1652149
1652148
1652147
1652146
1652145
1652144
1652143
1652142
1652141
1652140
1652139
1652138
1652137
1652136
1652135
1652134
1652133
1652132
1652131
1652130
1652129
1652128
1652127
1652126
1652125
1652124
1652123
1652122
1652121
1652120
1652119
1652118
1652117
1652116
1652115
1652114
1652113
1652112
1652111
1652110
1652109
1652108
1652107
1652106
1652105
1652104
1652103
1652102
1652101
1652100
1652099
1652098
1652097
1652096
1652095
1652094
1652093
1652092
1652091
1652090
1652089
1652088
1652087
1652086
1652085
1652084
1652083
1652082
1652081
1652080
1652079
1652078
1652077
1652076
1652075
1652074
1652073
1652072
1652071
1652070
1652069
1652068
1652067
1652066
1652065
1652064
1652063
1652062
1652061
1652060
1652059
1652058
1652057
1652056
1652055
1652054
1652053
1652052
1652051
1652050
1652049
1652048
1652047
1652046
1652045
1652044
1652043
1652042
1652041
1652040
1652039
1652038
1652037
1652036
1652035
1652034
1652033
1652032
1652031
1652030
1652029
1652028
1652027
1652026
1652025
1652024
1652023
1652022
1652021
1652020
1652019
1652018
1652017
1652016
1652015
1652014
1652013
1652012
1652011
1652010
1652009
1652008
1652007
1652006
1652005
1652004
1652003
1652002
1652001
1652000
1651999
1651998
1651997
1651996
1651995
1651994
1651993
1651992
1651991
1651990
1651989
1651988
1651987
1651986
1651985
1651984
1651983
1651982
1651981
1651980
1651979
1651978
1651977
1651976
1651975
1651974
1651973
1651972
1651971
1651970
1651969
1651968
1651967
1651966
1651965
1651964
1651963
1651962
1651961
1651960
1651959
1651958
1651957
1651956
1651955
1651954
1651953
1651952
1651951
1651950
1651949
1651948
1651947
1651946
1651945
1651944
1651943
1651942
1651941
1651940
1651939
1651938
1651937
1651936
1651935
1651934
1651933
1651932
1651931
1651930
1651929
1651928
1651927
1651926
1651925
1651924
1651923
1651922
1651921
1651920
1651919
1651918
1651917
1651916
1651915
1651914
1651913
1651912
1651911
1651910
1651909
1651908
1651907
1651906
1651905
1651904
1651903
1651902
1651901
1651900
1651899
1651898
1651897
1651896
1651895
1651894
1651893
1651892
1651891
1651890
1651889
1651888
1651887
1651886
1651885
1651884
1651883
1651882
1651881
1651880
1651879
1651878
1651877
1651876
1651875
1651874
1651873
1651872
1651871
1651870
1651869
1651868
1651867
1651866
1651865
1651864
1651863
1651862
1651861
1651860
1651859
1651858
1651857
1651856
1651855
1651854
1651853
1651852
1651851
1651850
1651849
1651848
1651847
1651846
1651845
1651844
1651843
1651842
1651841
1651840
1651839
1651838
1651837
1651836
1651835
1651834
1651833
1651832
1651831
1651830
1651829
1651828
1651827
1651826
1651825
1651824
1651823
1651822
1651821
1651820
1651819
1651818
1651817
1651816
1651815
1651814
1651813
1651812
1651811
1651810
1651809
1651808
1651807
1651806
1651805
1651804
1651803
1651802
1651801
1651800
1651799
1651798
1651797
1651796
1651795
1651794
1651793
1651792
1651791
1651790
1651789
1651788
1651787
1651786
1651785
1651784
1651783
1651782
1651781
1651780
1651779
1651778
1651777
1651776
1651775
1651774
1651773
1651772
1651771
1651770
1651769
1651768
1651767
1651766
1651765
1651764
1651763
1651762
1651761
1651760
1651759
1651758
1651757
1651756
1651755
1651754
1651753
1651752
1651751
1651750
1651749
1651748
1651747
1651746
1651745
1651744
1651743
1651742
1651741
1651740
1651739
1651738
1651737
1651736
1651735
1651734
1651733
1651732
1651731
1651730
1651729
1651728
1651727
1651726
1651725
1651724
1651723
1651722
1651721
1651720
1651719
1651718
1651717
1651716
1651715
1651714
1651713
1651712
1651711
1651710
1651709
1651708
1651707
1651706
1651705
1651704
1651703
1651702
1651701
1651700
1651699
1651698
1651697
1651696
1651695
1651694
1651693
1651692
1651691
1651690
1651689
1651688
1651687
1651686
1651685
1651684
1651683
1651682
1651681
1651680
1651679
1651678
1651677
1651676
1651675
1651674
1651673
1651672
1651671
1651670
1651669
1651668
1651667
1651666
1651665
1651664
1651663
1651662
1651661
1651660
1651659
1651658
1651657
1651656
1651655
1651654
1651653
1651652
1651651
1651650
1651649
1651648
1651647
1651646
1651645
1651644
1651643
1651642
1651641
1651640
1651639
1651638
1651637
1651636
1651635
1651634
1651633
1651632
1651631
1651630
1651629
1651628
1651627
1651626
1651625
1651624
1651623
1651622
1651621
1651620
1651619
1651618
1651617
1651616
1651615
1651614
1651613
1651612
1651611
1651610
1651609
1651608
1651607
1651606
1651605
1651604
1651603
1651602
1651601
1651600
1651599
1651598
1651597
1651596
1651595
1651594
1651593
1651592
1651591
1651590
1651589
1651588
1651587
1651586
1651585
1651584
1651583
1651582
1651581
1651580
1651579
1651578
1651577
1651576
1651575
1651574
1651573
1651572
1651571
1651570
1651569
1651568
1651567
1651566
1651565
1651564
1651563
1651562
1651561
1651560
1651559
1651558
1651557
1651556
1651555
1651554
1651553
1651552
1651551
1651550
1651549
1651548
1651547
1651546
1651545
1651544
1651543
1651542
1651541
1651540
1651539
1651538
1651537
1651536
1651535
1651534
1651533
1651532
1651531
1651530
1651529
1651528
1651527
1651526
1651525
1651524
1651523
1651522
1651521
1651520
1651519
1651518
1651517
1651516
1651515
1651514
1651513
1651512
1651511
1651510
1651509
1651508
1651507
1651506
1651505
1651504
1651503
1651502
1651501
1651500
1651499
1651498
1651497
1651496
1651495
1651494
1651493
1651492
1651491
1651490
1651489
1651488
1651487
1651486
1651485
1651484
1651483
1651482
1651481
1651480
1651479
1651478
1651477
1651476
1651475
1651474
1651473
1651472
1651471
1651470
1651469
1651468
1651467
1651466
1651465
1651464
1651463
1651462
1651461
1651460
1651459
1651458
1651457
1651456
1651455
1651454
1651453
1651452
1651451
1651450
1651449
1651448
1651447
1651446
1651445
1651444
1651443
1651442
1651441
1651440
1651439
1651438
1651437
1651436
1651435
1651434
1651433
1651432
1651431
1651430
1651429
1651428
1651427
1651426
1651425
1651424
1651423
1651422
1651421
1651420
1651419
1651418
1651417
1651416
1651415
1651414
1651413
1651412
1651411
1651410
1651409
1651408
1651407
1651406
1651405
1651404
1651403
1651402
1651401
1651400
1631464
1631360
1630929
1628977